Point(1) = {1, 0, 0, 1.0};
Point(2) = {1, 1, 0, 1.0};
Point(3) = {0, 1, 0, 1.0};
Point(4) = {-1, 1, 0, 1.0};
Point(5) = {-1, 0, 0, 1.0};
Point(6) = {-1, -1, 0, 1.0};
Point(7) = {0, -1, 0, 1.0};
Point(8) = {1, -1, 0, 1.0};
Point(9) = {0,0,0,1.0};
Point(10) = {0.707106, 0.707106,0,1.0};
Bezier(1) = {1, 1, 2, 3};
Bezier(2) = {3, 4, 5};
Bezier(3) = {5, 6, 7};
Bezier(4) = {7, 8, 1};




